   2.0800000e+00
   2.0801000e+00
   2.0802000e+00
   2.0803000e+00
   2.0804000e+00
   2.0805000e+00
   2.0806000e+00
   2.0807000e+00
   2.0808000e+00
   2.0809000e+00
   2.0810000e+00
   2.0811000e+00
   2.0812000e+00
   2.0813000e+00
   2.0814000e+00
   2.0815000e+00
   2.0816000e+00
   2.0817000e+00
   2.0818000e+00
   2.0819000e+00
   2.0820000e+00
   2.0821000e+00
   2.0822000e+00
   2.0823000e+00
   2.0824000e+00
   2.0825000e+00
   2.0826000e+00
   2.0827000e+00
   2.0828000e+00
   2.0829000e+00
   2.0830000e+00
   2.0831000e+00
   2.0832000e+00
   2.0833000e+00
   2.0834000e+00
   2.0835000e+00
   2.0836000e+00
   2.0837000e+00
   2.0838000e+00
   2.0839000e+00
   2.0840000e+00
   2.0841000e+00
   2.0842000e+00
   2.0843000e+00
   2.0844000e+00
   2.0845000e+00
   2.0846000e+00
   2.0847000e+00
   2.0848000e+00
   2.0849000e+00
   2.0850000e+00
   2.0851000e+00
   2.0852000e+00
   2.0853000e+00
   2.0854000e+00
   2.0855000e+00
   2.0856000e+00
   2.0857000e+00
   2.0858000e+00
   2.0859000e+00
   2.0860000e+00
   2.0861000e+00
   2.0862000e+00
   2.0863000e+00
   2.0864000e+00
   2.0865000e+00
   2.0866000e+00
   2.0867000e+00
   2.0868000e+00
   2.0869000e+00
   2.0870000e+00
   2.0871000e+00
   2.0872000e+00
   2.0873000e+00
   2.0874000e+00
   2.0875000e+00
   2.0876000e+00
   2.0877000e+00
   2.0878000e+00
   2.0879000e+00
   2.0880000e+00
   2.0881000e+00
   2.0882000e+00
   2.0883000e+00
   2.0884000e+00
   2.0885000e+00
   2.0886000e+00
   2.0887000e+00
   2.0888000e+00
   2.0889000e+00
   2.0890000e+00
   2.0891000e+00
   2.0892000e+00
   2.0893000e+00
   2.0894000e+00
   2.0895000e+00
   2.0896000e+00
   2.0897000e+00
   2.0898000e+00
   2.0899000e+00
   2.0900000e+00
   2.0901000e+00
   2.0902000e+00
   2.0903000e+00
   2.0904000e+00
   2.0905000e+00
   2.0906000e+00
   2.0907000e+00
   2.0908000e+00
   2.0909000e+00
   2.0910000e+00
   2.0911000e+00
   2.0912000e+00
   2.0913000e+00
   2.0914000e+00
   2.0915000e+00
   2.0916000e+00
   2.0917000e+00
   2.0918000e+00
   2.0919000e+00
   2.0920000e+00
   2.0921000e+00
   2.0922000e+00
   2.0923000e+00
   2.0924000e+00
   2.0925000e+00
   2.0926000e+00
   2.0927000e+00
   2.0928000e+00
   2.0929000e+00
   2.0930000e+00
   2.0931000e+00
   2.0932000e+00
   2.0933000e+00
   2.0934000e+00
   2.0935000e+00
   2.0936000e+00
   2.0937000e+00
   2.0938000e+00
   2.0939000e+00
   2.0940000e+00
   2.0941000e+00
   2.0942000e+00
   2.0943000e+00
   2.0944000e+00
   2.0945000e+00
   2.0946000e+00
   2.0947000e+00
   2.0948000e+00
   2.0949000e+00
   2.0950000e+00
   2.0951000e+00
   2.0952000e+00
   2.0953000e+00
   2.0954000e+00
   2.0955000e+00
   2.0956000e+00
   2.0957000e+00
   2.0958000e+00
   2.0959000e+00
   2.0960000e+00
   2.0961000e+00
   2.0962000e+00
   2.0963000e+00
   2.0964000e+00
   2.0965000e+00
   2.0966000e+00
   2.0967000e+00
   2.0968000e+00
   2.0969000e+00
   2.0970000e+00
   2.0971000e+00
   2.0972000e+00
   2.0973000e+00
   2.0974000e+00
   2.0975000e+00
   2.0976000e+00
   2.0977000e+00
   2.0978000e+00
   2.0979000e+00
   2.0980000e+00
   2.0981000e+00
   2.0982000e+00
   2.0983000e+00
   2.0984000e+00
   2.0985000e+00
   2.0986000e+00
   2.0987000e+00
   2.0988000e+00
   2.0989000e+00
   2.0990000e+00
   2.0991000e+00
   2.0992000e+00
   2.0993000e+00
   2.0994000e+00
   2.0995000e+00
   2.0996000e+00
   2.0997000e+00
   2.0998000e+00
   2.0999000e+00
   1.7625104e-28
   2.2455031e-28
   2.8605420e-28
   3.6436659e-28
   4.6407387e-28
   5.9101282e-28
   7.5261132e-28
   9.5832211e-28
   1.2201747e-27
   1.5534785e-27
   1.9777179e-27
   2.5176914e-27
   3.2049630e-27
   4.0797097e-27
   5.1930748e-27
   6.6101653e-27
   8.4138711e-27
   1.0709734e-26
   1.3632147e-26
   1.7352262e-26
   2.2088073e-26
   2.8117264e-26
   3.5793608e-26
   4.5567881e-26
   5.8014550e-26
   7.3865830e-26
   9.4055184e-26
   1.1977282e-25
   1.5253666e-25
   1.9428294e-25
   2.4748207e-25
   3.1528659e-25
   4.0172069e-25
   5.1192247e-25
   6.5245379e-25
   8.3169736e-25
   1.0603650e-24
   1.3521485e-24
   1.7245547e-24
   2.1999752e-24
   2.8070591e-24
   3.5824741e-24
   4.5731670e-24
   5.8392666e-24
   7.4577778e-24
   9.5274890e-24
   1.2175039e-23
   1.5562893e-23
   1.9899567e-23
   2.5452808e-23
   3.2566567e-23
   4.1682907e-23
   5.3370286e-23
   6.8360029e-23
   8.7593511e-23
   1.1228315e-22
   1.4399129e-22
   1.8473237e-22
   2.3710558e-22
   3.0446570e-22
   3.9114600e-22
   5.0274775e-22
   6.4651529e-22
   8.3182461e-22
   1.0708188e-21
   1.3792360e-21
   1.7774880e-21
   2.2920678e-21
   2.9573829e-21
   3.8181844e-21
   4.9327269e-21
   6.3767537e-21
   8.2490482e-21
   1.0678453e-20
   1.3833153e-20
   1.7932963e-20
   2.3265367e-20
   3.0206734e-20
   3.9250309e-20
   5.1043151e-20
   6.6434968e-20
   8.6542783e-20
   1.1283666e-19
   1.4725343e-19
   1.9234782e-19
   2.5149359e-19
   3.2915149e-19
   4.3122682e-19
   5.6554712e-19
   7.4250153e-19
   9.7589749e-19
   1.2841109e-18
   1.6916319e-18
   2.2311466e-18
   2.9463455e-18
   3.8957027e-18
   5.1576370e-18
   6.8374371e-18
   9.0768571e-18
   1.2066748e-17
   1.6064741e-17
   2.1419332e-17
   2.8602551e-17
   3.8255144e-17
   5.1248518e-17
   6.8770168e-17
   9.2441691e-17
   1.2448217e-16
   1.6793506e-16
   2.2698385e-16
   3.0739250e-16
   4.1712176e-16
   5.6719349e-16
   7.7290707e-16
   1.0555555e-15
   1.4448546e-15
   1.9823914e-15
   2.7265374e-15
   3.7594689e-15
   5.1972374e-15
   7.2042644e-15
   1.0014283e-14
   1.3960709e-14
   1.9520877e-14
   2.7380713e-14
   3.8529734e-14
   5.4401192e-14
   7.7079815e-14
   1.0961122e-13
   1.5646523e-13
   2.2423312e-13
   3.2268299e-13
   4.6636667e-13
   6.7708084e-13
   9.8766104e-13
   1.4478700e-12
   2.1336009e-12
   3.1613686e-12
   4.7113085e-12
   7.0640192e-12
   1.0659935e-11
   1.6196157e-11
   2.4785917e-11
   3.8223640e-11
   5.9430923e-11
   9.3215913e-11
   1.4758327e-10
   2.3602565e-10
   3.8159394e-10
   6.2424646e-10
   1.0343604e-09
   1.7380668e-09
   2.9658067e-09
   5.1476725e-09
   9.1057428e-09
   1.6454049e-08
   3.0460031e-08
   5.7976016e-08
   1.1397791e-07
   2.3284403e-07
   4.9837186e-07
   1.1308167e-06
   2.7693321e-06
   7.5439921e-06
   2.4256519e-05
   1.0787725e-04
   1.1525817e-03
   2.0230626e-03
   2.2994393e-03
   2.6742953e-03
   2.9210387e-03
   3.1480268e-03
   3.2857798e-03
   3.4320158e-03
   3.5925840e-03
   3.6920294e-03
   3.7640661e-03
   3.8526136e-03
   3.9568195e-03
   4.0536097e-03
   4.1143560e-03
   4.1617801e-03
   4.2205442e-03
   4.2944600e-03
   4.3762603e-03
   4.4469243e-03
   4.4955166e-03
   4.5324982e-03
   4.5732776e-03
   4.6247512e-03
   4.6856805e-03
   4.7484985e-03
   4.8020960e-03
   4.8410870e-03
   4.8702410e-03
   4.8989184e-03
   4.9340178e-03
   4.9777685e-03
   5.0281490e-03
   5.0796578e-03
